p_test_int = new int[18][34, 19, 24, 37, 1368, 669, 1391, 12, 6, 4, 523, 10] ; double_params = new double[18][1.1826224828434195, 0.5639914276948753, 0.055248548962267253, 46.737394240537576, 0.9265486636426082, 2.268459802333558, 1.0E-4, 0.998, 1.0, 0.38980663105451613, 0.10837811260500832, 0.09967414841201616, 0.1330535844136362, 0.061687111111305565] | score=321119962
p_test_int = new int[23][20, 1, 75, 48, 558, 244, 331, 10, 3, 1, 341, 6] ; double_params = new double[23][0.5584050584375482, 0.6278456942542051, 0.5288872681733064, 30.572071927046654, 0.9013232081131781, 1.76355126376737, 2.783224322144108E-4, 0.75, 0.9580006820372181, 0.11859764183091115, 0.1330427376469409, 0.09968427861218322, 0.08945725439543238, 0.23238919642697067] | score=67279466
p_test_int = new int[12][44, 8, 77, 73, 955, 24, 940, 43, 6, 277, 623, 9] ; double_params = new double[12][1.0291652826124227, 0.8934424851802096, 0.08597954195177762, 70.22731210862766, 0.95, 1.198458475974742, 1.3387519129942843E-4, 0.98, 0.5617204915165591, 0.37676302457060434, 0.1783883383830377, 0.1401847657374966, 0.048142445200592236, 0.1197384746552569] | score=52850843
p_test_int = new int[4][30, 2, 33, 62, 547, 307, 570, 14, 1, 4, 44, 11] ; double_params = new double[4][0.862515440537484, 2.270536354935156, 0.2576677383927956, 76.06266283189436, 0.95, 1.3033419270349815, 2.0195127380083714E-4, 0.98, 0.46330087398135583, 0.27571346399124874, 0.14265120094893716, 0.197224381041717, 0.031452148445396594, 0.3593901994651873] | score=11069401
p_test_int = new int[10][31, 24, 90, 5, 18, 66, 356, 8, 10, 40, 33, 6] ; double_params = new double[10][1.1337738556545258, 0.9313809946731564, 0.14216548417726702, 393.30189616445665, 0.95, 2.1194408460021563, 2.714809551027384E-4, 0.98, 0.5504612118631406, 0.3563386845169118, 0.16048081621927549, 0.09085213375577093, 0.07601656425912934, 0.14824996565570603] | score=7317180
p_test_int = new int[26][43, 33, 130, 10, 363, 73, 135, 5, 6, 11, 620, 4] ; double_params = new double[26][0.5561182533628727, 0.6046295178757957, 0.08296270255803309, 103.31121588181955, 0.95, 1.5083186095258172, 1.1978263275695993E-4, 0.998, 0.9649941055811659, 0.33602149839499523, 0.12776916878129563, 0.24837491267483078, 0.07186494355906126, 0.08925977856360257] | score=209385302
p_test_int = new int[11][75, 17, 66, 33, 222, 63, 352, 36, 4, 6, 53, 3] ; double_params = new double[11][0.6561140533921742, 0.5, 0.07762757533693607, 109.60778224757952, 0.95, 2.963654086914517, 8.579192353614562E-4, 0.98, 0.40688099096557745, 0.24895182293343507, 0.06514601076006493, 0.1093148408230308, 0.08982237417619117, 0.1560685889754937] | score=26099055
p_test_int = new int[19][10, 22, 86, 55, 1468, 345, 783, 22, 20, 33, 416, 14] ; double_params = new double[19][0.6553940290976346, 1.3108590187877034, 0.8371245448670607, 387.4711487142777, 0.95, 1.1084454568937527, 2.57169483889013E-4, 0.998, 0.9575204180492964, 0.09229003548726487, 0.14002129836015675, 0.060510734909538226, 0.09668963261508477, 0.2543844348171826] | score=28564579
p_test_int = new int[6][8, 15, 31, 21, 870, 12, 531, 12, 1, 31, 45, 1] ; double_params = new double[6][0.6966259398158829, 0.809726825505692, 0.16124305862370822, 33.039519897214326, 0.95, 1.6922789117473873, 4.63571431568702E-4, 0.98, 0.6843411727407837, 0.2711170684212058, 0.12521707671709703, 0.10691369739031376, 0.1282269170272115, 0.27012743632135183] | score=33890711
p_test_int = new int[1][82, 13, 31, 46, 442, 217, 311, 10, 1, 33, 40, 6] ; double_params = new double[1][1.9402487912274804, 0.871909557259309, 0.1634195188367865, 318.8116151306804, 0.95, 3.438737149613202, 9.415489318410626E-4, 0.98, 0.6532695158547205, 0.34536245429849577, 0.24753208322314108, 0.08160291887818719, 0.13232627248317536, 0.14647664920027023] | score=7413056
p_test_int = new int[27][35, 83, 32, 11, 24, 20, 1545, 15, 19, 121, 60, 6] ; double_params = new double[27][0.651358399722423, 0.5301996765137892, 0.09179688018928102, 87.1393220714869, 0.95, 1.1, 3.2269992427773857E-4, 0.98, 0.3170605219571351, 0.35582519535220064, 0.21289299890704602, 0.19234766847250578, 0.08902419500630974, 0.11530119508616313] | score=7262114
p_test_int = new int[5][8, 1, 90, 7, 118, 176, 935, 10, 1, 25, 393, 12] ; double_params = new double[5][0.5, 0.538674907885202, 0.11044411634612299, 97.52107922737946, 0.95, 3.263519523320318, 1.9736660155223113E-4, 0.9, 0.9496494074735697, 0.06963239463570461, 0.10636528451060318, 0.07406166954503725, 0.12960914160490639, 0.07805907339751927] | score=34384628
p_test_int = new int[20][21, 20, 166, 91, 140, 21, 2001, 7, 3, 45, 542, 10] ; double_params = new double[20][0.5461111906409913, 0.7406850585077587, 0.0796724204285961, 96.14841347408377, 0.95, 1.1, 1.0429791832840743E-4, 0.98, 0.5031394793389389, 0.22330986648348478, 0.07768894623272975, 0.0414874859293326, 0.043037609953102164, 0.2634364226041135] | score=12651583
p_test_int = new int[7][45, 69, 25, 19, 65, 666, 667, 24, 4, 37, 223, 7] ; double_params = new double[7][1.4796036267134336, 0.6243794717864671, 0.3002112542389931, 295.00902820380486, 0.95, 1.1, 3.107209172200615E-4, 0.98, 0.21140300617766067, 0.28460620474253584, 0.22039970874979098, 0.12600760663869728, 0.07894146803676423, 0.24190031861433378] | score=5435210
p_test_int = new int[14][24, 4, 117, 25, 986, 897, 1476, 10, 1, 95, 48, 0] ; double_params = new double[14][0.5924767814811374, 0.7861161026493897, 0.10402986021824231, 10.828064339013693, 0.95, 1.1, 7.913739596435884E-4, 0.98, 0.6551604518341028, 0.2872154694763766, 0.14929627980521232, 0.10722899640016521, 0.05747809875373635, 0.17064803116611593] | score=2176168
p_test_int = new int[21][37, 41, 807, 6, 143, 22, 185, 15, 55, 58, 39, 5] ; double_params = new double[21][2.962621559781306, 2.216584514197933, 0.11112872409261505, 119.35788635473469, 0.95, 1.1, 2.228739200997037E-4, 0.98, 0.8196913713367072, 0.38751143767132684, 0.12314003315480634, 0.10311319798711838, 0.10123227352632337, 0.1976638036527257] | score=9314741
p_test_int = new int[24][9, 17, 38, 24, 66, 19, 197, 31, 20, 18, 37, 9] ; double_params = new double[24][0.5094693675575204, 1.4091314233357795, 0.07740077180546065, 10.0, 0.95, 2.52738143841593, 1.349158803203807E-4, 0.98, 0.6131545121634141, 0.33632709551506207, 0.2203583390827587, 0.08826536938646388, 0.2320201195552277, 0.21593113840162687] | score=2122787
p_test_int = new int[8][26, 22, 81, 233, 295, 484, 629, 8, 2, 2, 204, 8] ; double_params = new double[8][0.8243477107688836, 0.6298673969106507, 0.44156331042800423, 206.43136620494485, 0.95, 1.4730652277748046, 1.1102925950320982E-4, 0.9, 1.0, 0.27636257393958996, 0.11625647573483348, 0.10091946308064607, 0.12636775425093338, 0.19425947054215698] | score=4287160
p_test_int = new int[15][29, 25, 25, 150, 1285, 1344, 1405, 12, 12, 46, 555, 9] ; double_params = new double[15][0.5, 3.417569639816611, 0.07641752372054014, 130.5285712220832, 0.95, 1.5525419313857354, 1.0E-4, 0.998, 0.676697532617795, 0.5237651206961961, 0.12340569340196186, 0.03768795380628218, 0.15453463796120925, 0.06793984538547716] | score=3785267
p_test_int = new int[16][68, 26, 403, 36, 1440, 28, 158, 9, 5, 21, 400, 7] ; double_params = new double[16][0.5530599983908976, 0.5870451936344504, 0.0916596219985573, 93.99613524747515, 0.9061619290286083, 1.2953960284861485, 1.0E-4, 0.85, 0.9511396409425843, 0.17190254391933144, 0.042753886972076556, 0.050280076070711034, 0.10849469014621979, 0.25111723871385944] | score=7759515
p_test_int = new int[0][47, 4, 37, 13, 39, 473, 2274, 32, 56, 89, 282, 0] ; double_params = new double[0][0.5, 1.1562367627186227, 0.06932191612935203, 56.36554606461448, 0.95, 3.6945752708247306, 2.9479080310739495E-4, 0.85, 0.4673156990346351, 0.24454864693942194, 0.07704216147054804, 0.11688604606604085, 0.04887210739884976, 0.18218778900180688] | score=4532088
p_test_int = new int[3][8, 42, 362, 45, 358, 10, 211, 20, 3, 158, 531, 7] ; double_params = new double[3][1.5292803760961873, 0.9437308661382271, 0.05159524225806175, 50.992648833322896, 0.95, 5.0, 4.731603391814188E-4, 0.85, 1.0, 0.12778905055663914, 0.11513973147457836, 0.0688179494608693, 0.033613866205240185, 0.12285114141801555] | score=16430398
p_test_int = new int[9][18, 62, 26, 64, 754, 59, 91, 19, 1, 33, 46, 2] ; double_params = new double[9][0.5029977859606537, 0.7501586935445165, 0.14375718396981232, 189.4161940611193, 0.95, 2.3166049993885562, 5.48313498462512E-4, 0.98, 0.4285251654516623, 0.2963734846522868, 0.15, 0.0852338857009257, 0.09904865914471887, 0.1517944694259894] | score=6644002
p_test_int = new int[13][25, 13, 200, 40, 55, 314, 315, 19, 26, 121, 361, 0] ; double_params = new double[13][1.2302770337108124, 1.154804933013408, 0.14638602103408022, 10.769993056502964, 0.9166726228107696, 1.3581105404802134, 2.006028398439584E-4, 0.98, 0.9391116903039375, 0.3847454374266285, 0.15353446929612866, 0.12851848289217851, 0.09695384780216261, 0.2] | score=15154885
p_test_int = new int[17][4, 5, 133, 25, 556, 25, 904, 18, 1, 17, 320, 9] ; double_params = new double[17][0.5029546580595664, 2.0997046868127, 0.09410618541841931, 270.47821423415513, 0.95, 5.0, 5.500207859106221E-4, 0.98, 0.5, 0.3, 0.19936189784708283, 0.0836234754249344, 0.06752947840213695, 0.15455025218999704] | score=8596138
p_test_int = new int[22][37, 19, 124, 188, 246, 556, 1317, 10, 6, 21, 495, 0] ; double_params = new double[22][1.3551331923624452, 5.0, 0.0718956687215066, 237.12836371566902, 0.95, 1.1, 0.0011044855999586883, 0.98, 0.5041845506353845, 0.15726960407633642, 0.15417582728697576, 0.08811907811008693, 0.09287401439233443, 0.21732278973726987] | score=15923169
p_test_int = new int[25][32, 6, 6, 73, 952, 7, 485, 25, 1, 1, 425, 10] ; double_params = new double[25][0.5695181561138847, 0.9640359184528385, 0.10085763625807842, 265.5800285367483, 0.95, 2.4199772144193488, 2.8888583332745685E-4, 0.85, 1.0, 0.43777733150164777, 0.34192056615335925, 0.04170726398379673, 0.10147975772970971, 0.2216644512000117] | score=11242098
p_test_int = new int[2][1, 29, 145, 24, 264, 103, 267, 33, 1, 5, 43, 2] ; double_params = new double[2][0.8736606375065697, 1.12188461173223, 0.2361850231167417, 59.74970730683859, 0.95, 1.1, 2.2452314966305175E-4, 0.98, 0.2675156905079005, 0.2868144451969216, 0.1379985546566442, 0.1, 0.1, 0.2134207305392685] | score=9346539
