p_test_int = new int[19][18, 22, 93, 41, 2259, 253, 957, 27, 20, 44, 342, 12] ; double_params = new double[19][0.5496045283130245, 0.5, 0.9664009443525543, 259.377532018779, 0.95, 1.5005405377845578, 1.405118122260125E-4, 0.998, 0.9166595179323918, 0.07251660436508804, 0.12880046016317534, 0.05018810319878142, 0.08807949877844957, 0.2623937225876913] | score=30304332
p_test_int = new int[5][5, 14, 60, 1, 68, 130, 1084, 22, 3, 24, 442, 7] ; double_params = new double[5][0.611133290523272, 0.5, 0.06906124758996257, 119.92188639017422, 0.9366032794005477, 4.0033153822327865, 1.1725957114980109E-4, 0.9, 0.9127479355780864, 0.050306636299099664, 0.10329888157508837, 0.06112763406269075, 0.19621690997315488, 0.07475396776012243] | score=23856568
p_test_int = new int[22][42, 21, 141, 224, 244, 454, 817, 8, 1, 17, 443, 4] ; double_params = new double[22][2.793901034425152, 5.0, 0.07099215772617183, 302.3063558370879, 0.95, 2.8775273474844987, 8.236082618299469E-4, 0.98, 0.5041845506353845, 0.13431713701968623, 0.1299234668869049, 0.08329872144846752, 0.09098797096350981, 0.1756843120439716] | score=32166731
p_test_int = new int[25][31, 15, 18, 62, 1760, 5, 500, 20, 1, 11, 430, 8] ; double_params = new double[25][0.8956340350183685, 1.023226798556853, 0.09788549142273677, 288.3213040050851, 0.8673376264652425, 2.2230476381535027, 3.124908691977138E-4, 0.85, 0.9408514762084057, 0.22244669820757323, 0.3241135614167748, 0.03684751413569478, 0.10671124184322871, 0.25085971653253997] | score=148022901
p_test_int = new int[11][46, 14, 69, 51, 219, 81, 363, 49, 1, 15, 54, 3] ; double_params = new double[11][0.6210961338051451, 0.7294546545534019, 0.10040555460902674, 75.06349974866518, 0.95, 2.3073555955348977, 0.0017555755011690107, 0.98, 0.40029669213490093, 0.321590619553483, 0.05995823841354652, 0.12119241113834657, 0.1213357777097185, 0.1560685889754937] | score=8379748
p_test_int = new int[3][1, 37, 338, 59, 266, 1, 191, 20, 4, 103, 545, 13] ; double_params = new double[3][0.5373754336801382, 0.5957274536607841, 0.05, 55.44819480016597, 0.95, 5.0, 2.057443386140295E-4, 0.85, 1.0, 0.1538444553647054, 0.05942622562596266, 0.06461141116903925, 0.03201613397395271, 0.135234857914034] | score=63331786
p_test_int = new int[9][14, 74, 21, 87, 673, 45, 105, 21, 2, 23, 569, 2] ; double_params = new double[9][0.5725606719142893, 0.6127265886747297, 0.13033227208519826, 82.19779964218975, 0.95, 1.7536760547281571, 4.3923585540466166E-4, 0.98, 0.44459656465040664, 0.18602977415565233, 0.19036469868909722, 0.0864921230098036, 0.09904865914471887, 0.14824933358445633] | score=102623129
p_test_int = new int[13][23, 15, 141, 52, 74, 276, 415, 18, 24, 160, 528, 0] ; double_params = new double[13][1.915153310282197, 0.5, 0.15930618868980861, 10.0, 0.769650019876628, 1.4788430300816835, 1.0E-4, 0.98, 0.9494053760754582, 0.2943781986094748, 0.13410308362463474, 0.12980876692234075, 0.07044891123419415, 0.22063741879578658] | score=66659204
p_test_int = new int[17][2, 19, 72, 22, 761, 17, 1098, 13, 4, 21, 311, 3] ; double_params = new double[17][0.8623620891949277, 2.3392258470125937, 0.13093785795621482, 271.28422722508657, 0.95, 3.7561424750210883, 2.632286268044661E-4, 0.98, 0.5019500149364767, 0.4306593752063932, 0.32252653849864527, 0.08337661397464133, 0.03407961066793641, 0.15874866683717875] | score=70670988
p_test_int = new int[20][22, 24, 168, 71, 212, 20, 1543, 18, 6, 32, 585, 10] ; double_params = new double[20][2.776178349340621, 0.5, 0.10141727505076127, 53.41268697893786, 0.8476332569311313, 2.373759766425169, 3.6674409274782424E-4, 0.98, 0.7556304908276666, 0.12264485716320095, 0.060626777360447325, 0.017476258632996986, 0.05619943072620857, 0.0982790406244162] | score=14995430
p_test_int = new int[21][23, 57, 1123, 4, 232, 29, 149, 5, 61, 48, 35, 13] ; double_params = new double[21][2.658837057048885, 0.6457670451794484, 0.08886480344701318, 112.02035453573431, 0.9055014786418698, 1.12159587308998, 1.4960332810573377E-4, 0.98, 0.8196913713367072, 0.37215936155001106, 0.12314003315480634, 0.1996278765239563, 0.13739122281651842, 0.25246208253656444] | score=7616994
p_test_int = new int[1][57, 21, 27, 38, 599, 247, 267, 5, 1, 55, 42, 12] ; double_params = new double[1][0.72027893135373, 2.2996267741799246, 0.2349513404233112, 317.92321181817016, 0.95, 2.423103190308414, 0.0013978772155461875, 0.98, 0.5039629591322621, 0.4944053955361909, 0.24753208322314108, 0.0783903321854214, 0.06725907379276169, 0.14480931311571177] | score=10601628
p_test_int = new int[24][17, 19, 34, 13, 79, 11, 198, 23, 11, 16, 32, 11] ; double_params = new double[24][0.5, 1.182253556693401, 0.06494176098830363, 12.28375026442938, 0.95, 1.3025671420741507, 2.9748497149056403E-4, 0.98, 0.5549357646509583, 0.3306760459117805, 0.233583153300807, 0.04653425111963741, 0.23171587209182049, 0.21593113840162687] | score=694136
p_test_int = new int[4][30, 4, 40, 60, 538, 327, 674, 15, 1, 1, 47, 12] ; double_params = new double[4][2.9569023039050553, 1.1473119696325678, 0.20993577253057077, 49.34265021495359, 0.95, 1.14081162300262, 2.2784209247588133E-4, 0.98, 0.24360153525981063, 0.28145620664597754, 0.1312566250750701, 0.2241297708000565, 0.031452148445396594, 0.3468478904772755] | score=8559459
p_test_int = new int[8][28, 8, 62, 355, 405, 664, 665, 21, 4, 3, 194, 6] ; double_params = new double[8][3.0, 0.977766389613663, 0.15389576144835826, 211.66322172284285, 0.95, 2.7202800116402073, 6.038433085175864E-4, 0.9, 1.0, 0.16222482945466632, 0.1517705021744702, 0.06572517392518437, 0.12818984782664528, 0.10646421082426205] | score=20652566
p_test_int = new int[10][34, 43, 58, 13, 21, 45, 322, 10, 13, 26, 23, 6] ; double_params = new double[10][0.5, 0.7847296268824988, 0.0943822651747946, 500.0, 0.9022348394102615, 5.0, 2.2926160211828738E-4, 0.98, 0.7098126145470453, 0.41295163398016765, 0.10951831514918225, 0.09085213375577093, 0.09476528507175459, 0.16112033929520517] | score=25970873
p_test_int = new int[15][21, 25, 33, 79, 1431, 1235, 1319, 5, 7, 39, 379, 18] ; double_params = new double[15][0.691433946922597, 3.671448200227217, 0.07214375886188876, 121.53498401747386, 0.9447365334486261, 1.1, 1.0E-4, 0.998, 0.33163392919392287, 0.4961791642718047, 0.14212920377586188, 0.026844364946212142, 0.1867210096777961, 0.06129082693197485] | score=10234690
p_test_int = new int[16][51, 21, 612, 31, 891, 24, 140, 15, 2, 16, 293, 7] ; double_params = new double[16][0.7098867531743526, 0.6835081113155993, 0.05712911361055291, 59.78558598318406, 0.95, 1.2180783748081259, 1.3346691302933971E-4, 0.85, 0.9511396409425843, 0.16498431381680073, 0.042753886972076556, 0.05421931343378078, 0.0832396690632716, 0.27760015824145434] | score=18261922
p_test_int = new int[0][40, 2, 34, 4, 24, 273, 1369, 30, 55, 108, 294, 6] ; double_params = new double[0][0.545257764813502, 0.5, 0.06315367244034764, 54.847196722956404, 0.95, 4.817411610513867, 2.0409851359235893E-4, 0.85, 0.4673156990346351, 0.232570514098854, 0.07574429282171258, 0.12129215239045858, 0.03396114416721504, 0.18218778900180688] | score=31155642
p_test_int = new int[27][46, 109, 40, 16, 26, 11, 783, 5, 14, 72, 55, 6] ; double_params = new double[27][0.7102592868376795, 0.5087760187980798, 0.05, 82.80341204368688, 0.929098808828677, 1.1572424007755542, 1.8264291046994494E-4, 0.98, 0.32781492587404487, 0.35582519535220064, 0.21289299890704602, 0.19234766847250578, 0.07618344967273061, 0.14425682168736587] | score=19972881
p_test_int = new int[18][45, 24, 22, 33, 2019, 917, 1081, 26, 7, 2, 526, 8] ; double_params = new double[18][0.7389375653453122, 0.5785315409361802, 0.05, 48.9196729234734, 0.95, 2.966073716293734, 1.0E-4, 0.998, 0.7117492626546589, 0.4173049230832807, 0.0680177898235594, 0.09712489640592933, 0.2077166139417295, 0.057237354244432936] | score=47753834
p_test_int = new int[6][10, 11, 29, 4, 1473, 16, 330, 19, 1, 34, 68, 5] ; double_params = new double[6][0.9855955159861713, 0.5624907904017697, 0.228067392324838, 44.64914065915083, 0.8991903183586976, 1.6163278864621573, 7.990891893061271E-4, 0.98, 0.624495379793578, 0.22261032978621734, 0.1386646103139767, 0.0593171024309797, 0.13652190396891364, 0.3175497328523124] | score=12512967
p_test_int = new int[2][9, 27, 115, 9, 249, 177, 240, 48, 1, 5, 44, 4] ; double_params = new double[2][0.6862858310582043, 0.655134380066889, 0.4152019747194354, 111.6588293247805, 0.95, 1.242595887668304, 1.6035510334725203E-4, 0.98, 0.4476162479383349, 0.15121375734216908, 0.10624398521925447, 0.08843504920638044, 0.06620581105138479, 0.21581555105422354] | score=14565223
p_test_int = new int[23][28, 12, 103, 21, 656, 367, 368, 22, 1, 4, 272, 8] ; double_params = new double[23][2.0370644411618155, 0.5, 0.17040783760274297, 34.95075403535257, 0.9001714095225852, 1.1, 6.051579418478121E-4, 0.75, 0.838280625187069, 0.268160323987261, 0.1485937384616487, 0.09968427861218322, 0.10622067370331335, 0.23585181382005319] | score=19876850
p_test_int = new int[7][73, 52, 17, 7, 54, 578, 650, 24, 5, 39, 202, 9] ; double_params = new double[7][0.521276348944473, 0.7716917605072912, 0.6438821364484398, 236.8096732192666, 0.9072973847239479, 1.1513636271065522, 1.6816688379900615E-4, 0.98, 0.226823281825558, 0.27422381614065705, 0.18427058019141326, 0.11257229378024018, 0.0909368209017837, 0.24740263308657953] | score=61117647
p_test_int = new int[12][25, 10, 67, 66, 977, 34, 842, 60, 6, 187, 516, 9] ; double_params = new double[12][0.6975764890806583, 0.5234458638208748, 0.07645717002533718, 82.46304833105124, 0.95, 2.0434626048944886, 1.2634129550771577E-4, 0.98, 0.44102553920376053, 0.34287756675919384, 0.18635348776044947, 0.1334424080006083, 0.05247576274668286, 0.11602996127274026] | score=43792144
p_test_int = new int[26][29, 28, 113, 3, 461, 87, 176, 13, 4, 5, 605, 2] ; double_params = new double[26][0.5030327366846833, 0.5, 0.05, 49.3241059579134, 0.95, 1.6992930441054386, 1.0137441950242338E-4, 0.998, 0.8738121611874369, 0.14878012781805475, 0.17045465428866652, 0.2453415600025188, 0.074044522701678, 0.08963748023434985] | score=9846353
p_test_int = new int[14][38, 1, 63, 22, 1184, 1078, 1390, 5, 1, 99, 500, 0] ; double_params = new double[14][1.142911259810669, 2.343992946419827, 0.14786822700760358, 27.242066518896543, 0.95, 1.3182741309549464, 3.911533664137727E-4, 0.98, 0.6175019750350328, 0.3329263368578258, 0.14929627980521232, 0.1130294223753124, 0.053497341396898136, 0.11896602875349764] | score=60050492
